5 8550.0 50.0 18900.0 365.0 1 0 0
5 9750.0 50.0 19505.0 365.0 1 0 0
5 28800.0 350.0 0.0 365.0 0 0 0
0 0.0 0.0 1.0 600.0 0 0 0
0 0.0 500.0 9000.0 600.0 0 240 0
0 800.0 450.0 8200.0 50.0 82 82 122
0 750.0 475.0 50.0 25.0 82 82 122
0 980.0 0.0 400.0 300.0 82 82 122
0 900.0 275.0 100.0 25.0 82 82 122
0 1000.0 0.0 8000.0 50.0 82 82 122
0 2125.0 400.0 30.0 50.0 204 204 179
0 2480.0 350.0 60.0 100.0 255 0 0
0 2490.0 360.0 40.0 70.0 153 235 235
4 200.0 300.0 50.0 200.0 148 0 0
4 150.0 100.0 150.0 200.0 0 153 0
4 400.0 300.0 50.0 200.0 148 0 0
4 350.0 100.0 150.0 200.0 0 153 0
4 600.0 300.0 50.0 200.0 148 0 0
4 550.0 100.0 150.0 200.0 0 153 0
4 1000.0 0.0 8000.0 450.0 255 214 51
4 1500.0 425.0 100.0 25.0 80 80 120
4 1550.0 385.0 100.0 25.0 80 80 120
4 1600.0 345.0 100.0 25.0 80 80 120
4 1650.0 305.0 100.0 25.0 80 80 120
4 1700.0 265.0 100.0 25.0 80 80 120
4 1750.0 225.0 100.0 25.0 80 80 120
4 1800.0 185.0 100.0 25.0 80 80 120
4 1850.0 145.0 100.0 25.0 80 80 120
4 1900.0 105.0 100.0 25.0 80 80 120
4 1950.0 65.0 100.0 25.0 80 80 120
4 2195.0 275.0 260.0 135.0 255 255 255
4 2200.0 280.0 250.0 125.0 204 255 255
4 2060.0 50.0 50.0 400.0 255 51 0
4 2055.0 50.0 60.0 10.0 204 204 179
4 2055.0 440.0 60.0 10.0 204 204 179
4 2560.0 50.0 50.0 400.0 255 51 0
4 2555.0 50.0 60.0 10.0 204 204 179
4 2555.0 440.0 60.0 10.0 204 204 179
4 3060.0 50.0 50.0 400.0 255 51 0
4 3055.0 50.0 60.0 10.0 204 204 179
4 3055.0 440.0 60.0 10.0 204 204 179
4 3560.0 50.0 50.0 400.0 255 51 0
4 3555.0 50.0 60.0 10.0 204 204 179
4 3555.0 440.0 60.0 10.0 204 204 179
4 4060.0 50.0 50.0 400.0 255 51 0
4 4055.0 50.0 60.0 10.0 204 204 179
4 4055.0 440.0 60.0 10.0 204 204 179
4 4560.0 50.0 50.0 400.0 255 51 0
4 4555.0 50.0 60.0 10.0 204 204 179
4 4555.0 440.0 60.0 10.0 204 204 179
0 2695.0 309.0 80.0 6.0 77 0 0
4 2695.0 315.0 80.0 135.0 77 0 0
4 2700.0 315.0 70.0 135.0 255 255 255
4 2760.0 390.0 5.0 5.0 77 0 0
0 2895.0 309.0 80.0 6.0 77 0 0
4 2895.0 315.0 80.0 135.0 77 0 0
4 2900.0 315.0 70.0 135.0 255 255 255
4 2960.0 390.0 5.0 5.0 77 0 0
0 3195.0 309.0 80.0 6.0 77 0 0
4 3195.0 315.0 80.0 135.0 77 0 0
4 3200.0 315.0 70.0 135.0 255 255 255
4 3260.0 390.0 5.0 5.0 77 0 0
0 3395.0 309.0 80.0 6.0 77 0 0
4 3395.0 315.0 80.0 135.0 77 0 0
4 3400.0 315.0 70.0 135.0 255 255 255
4 3460.0 390.0 5.0 5.0 77 0 0
0 3695.0 309.0 80.0 6.0 77 0 0
4 3695.0 315.0 80.0 135.0 77 0 0
4 3700.0 315.0 70.0 135.0 255 255 255
4 3760.0 390.0 5.0 5.0 77 0 0
0 3895.0 309.0 80.0 6.0 77 0 0
4 3895.0 315.0 80.0 135.0 77 0 0
4 3900.0 315.0 70.0 135.0 255 255 255
4 3960.0 390.0 5.0 5.0 77 0 0
3 2430.0 300.0 45.0 80.0 0 0 0
3 2800.0 300.0 45.0 80.0 0 0 0
3 3400.0 300.0 45.0 80.0 0 0 0
3 3211.0 300.0 45.0 80.0 0 0 0
3 3500.0 300.0 45.0 80.0 0 0 0
3 3422.0 300.0 45.0 80.0 0 0 0
3 2911.0 300.0 45.0 80.0 0 0 0
3 3712.0 300.0 45.0 80.0 0 0 0
3 3691.0 300.0 45.0 80.0 0 0 0
3 3472.0 300.0 45.0 80.0 0 0 0
0 3995.0 400.0 30.0 50.0 204 204 179
0 4345.0 309.0 180.0 6.0 77 0 0
4 4345.0 315.0 180.0 135.0 77 0 0
4 4350.0 315.0 170.0 135.0 255 255 255
4 4435.0 315.0 5.0 135.0 77 0 0
0 5000.0 425.0 100.0 25.0 80 80 120
0 5050.0 385.0 100.0 25.0 80 80 120
0 5100.0 345.0 100.0 25.0 80 80 120
0 5150.0 305.0 100.0 25.0 80 80 120
0 5200.0 265.0 400.0 25.0 80 80 120
4 5550.0 225.0 100.0 25.0 80 80 120
4 5600.0 185.0 100.0 25.0 80 80 120
4 5650.0 145.0 100.0 25.0 80 80 120
4 5700.0 105.0 100.0 25.0 80 80 120
4 5750.0 65.0 100.0 25.0 80 80 120
4 4950.0 65.0 100.0 25.0 80 80 120
4 5000.0 105.0 100.0 25.0 80 80 120
4 5050.0 145.0 100.0 25.0 80 80 120
4 5100.0 185.0 100.0 25.0 80 80 120
4 5150.0 225.0 100.0 25.0 80 80 120
0 5550.0 305.0 100.0 25.0 80 80 120
0 5600.0 345.0 100.0 25.0 80 80 120
0 5650.0 385.0 100.0 25.0 80 80 120
0 5700.0 425.0 100.0 25.0 80 80 120
0 4600.0 400.0 30.0 50.0 204 204 179
0 4730.0 350.0 60.0 100.0 255 0 0
0 4740.0 360.0 40.0 70.0 153 235 235
0 4730.0 250.0 60.0 60.0 255 0 0
0 4735.0 255.0 50.0 50.0 255 255 255
4 7000.0 150.0 800.0 300.0 0 0 51
4 7010.0 160.0 780.0 250.0 153 235 235
4 7000.0 200.0 800.0 10.0 0 0 51
4 7000.0 250.0 800.0 10.0 0 0 51
4 7240.0 150.0 20.0 300.0 0 0 51
4 7530.0 150.0 20.0 300.0 0 0 51
4 6795.0 309.0 80.0 6.0 77 0 0
4 6795.0 315.0 80.0 135.0 77 0 0
4 6800.0 315.0 70.0 135.0 153 235 235
4 6860.0 390.0 5.0 5.0 77 0 0
4 7895.0 309.0 80.0 6.0 77 0 0
4 7895.0 315.0 80.0 135.0 77 0 0
4 7900.0 315.0 70.0 135.0 153 235 235
4 7960.0 390.0 5.0 5.0 77 0 0
0 8200.0 425.0 100.0 25.0 80 80 120
0 8250.0 385.0 100.0 25.0 80 80 120
0 8300.0 345.0 100.0 25.0 80 80 120
0 8350.0 305.0 100.0 25.0 80 80 120
0 8400.0 265.0 100.0 25.0 80 80 120
0 8450.0 225.0 100.0 25.0 80 80 120
0 8500.0 185.0 100.0 25.0 80 80 120
0 8550.0 145.0 100.0 25.0 80 80 120
0 8600.0 105.0 100.0 25.0 80 80 120
0 8650.0 65.0 100.0 25.0 80 80 120
0 8800.0 0.0 700.0 450.0 82 82 122
0 6000.0 380.0 200.0 40.0 51 0 0
4 6000.0 430.0 200.0 10.0 51 0 0
4 6020.0 380.0 10.0 70.0 51 0 0
4 6170.0 380.0 10.0 70.0 51 0 0
0 6400.0 380.0 200.0 40.0 51 0 0
4 6400.0 430.0 200.0 10.0 51 0 0
4 6420.0 380.0 10.0 70.0 51 0 0
4 6570.0 380.0 10.0 70.0 51 0 0
3 6350.0 300.0 45.0 80.0 0 0 0
3 4300.0 300.0 45.0 80.0 0 0 0
3 4290.0 300.0 45.0 80.0 0 0 0
0 9000.0 450.0 10000.0 150.0 82 82 122
0 9000.0 0.0 10000.0 50.0 82 82 122
0 19000.0 0.0 500.0 600.0 82 82 122
4 9500.0 50.0 9500.0 400.0 102 179 255
1 18050.0 50.0 100.0 380.0 0 0 0
4 18470.0 275.0 260.0 135.0 255 255 255
4 18475.0 280.0 250.0 125.0 204 255 255
4 17270.0 275.0 260.0 135.0 255 255 255
4 17275.0 280.0 250.0 125.0 204 255 255
0 18500.0 380.0 200.0 40.0 51 0 0
4 18500.0 430.0 200.0 10.0 51 0 0
4 18520.0 380.0 10.0 70.0 51 0 0
4 18670.0 380.0 10.0 70.0 51 0 0
0 17300.0 380.0 200.0 40.0 51 0 0
4 17300.0 430.0 200.0 10.0 51 0 0
4 17320.0 380.0 10.0 70.0 51 0 0
4 17470.0 380.0 10.0 70.0 51 0 0
4 17600.0 300.0 200.0 150.0 0 26 51
4 18200.0 300.0 200.0 150.0 0 26 51
2 18275.0 270.0 50.0 20.0 0 0 0
2 17675.0 270.0 50.0 20.0 0 0 0
2 17975 270.0 50.0 20.0 0 0 0
3 18000.0 300.0 45.0 80.0 0 0 0
3 18050.0 300.0 45.0 80.0 0 0 0
3 17950.0 300.0 45.0 80.0 0 0 0
3 18025.0 300.0 45.0 80.0 0 0 0
3 17975.0 300.0 45.0 80.0 0 0 0
4 16930.0 420.0 25.0 30.0 77 0 0
4 16920.0 320.0 45.0 100.0 0 102 0
4 16300.0 275.0 260.0 135.0 255 255 255
4 16305.0 280.0 250.0 125.0 204 255 255
0 16920.0 300.0 45.0 20.0 0 102 0
0 16700.0 200.0 50.0 250.0 82 82 122
0 16750.0 350.0 50.0 20.0 82 82 122
4 16770.0 340.0 10.0 10.0 26 26 26
4 16765.0 310.0 30.0 30.0 26 26 26
0 9650.0 65.0 100.0 25.0 80 80 120
2 9700.0 105.0 100.0 25.0 80 80 120
0 9750.0 145.0 100.0 25.0 80 80 120
2 9800.0 185.0 100.0 25.0 80 80 120
0 9850.0 225.0 100.0 25.0 80 80 120
2 9900.0 265.0 100.0 25.0 80 80 120
0 9950.0 305.0 100.0 25.0 80 80 120
0 10000.0 345.0 100.0 25.0 80 80 120
2 10050.0 385.0 100.0 25.0 80 80 120
2 10100.0 425.0 100.0 25.0 80 80 120
2 16250.0 400.0 10.0 50.0 0 0 0
2 16300.0 400.0 10.0 50.0 0 0 0
2 16350.0 400.0 10.0 50.0 0 0 0
2 16400.0 400.0 10.0 50.0 0 0 0
2 16450.0 400.0 10.0 50.0 0 0 0
2 16500.0 400.0 10.0 50.0 0 0 0
2 16550.0 400.0 10.0 50.0 0 0 0
2 16185.0 390.0 430.0 10.0 0 0 0
2 14195.0 305.0 80.0 11.0 77 0 0
4 14195.0 315.0 80.0 135.0 77 0 0
4 14200.0 315.0 70.0 135.0 255 255 255
4 14260.0 390.0 5.0 5.0 77 0 0
2 14395.0 305.0 80.0 11.0 77 0 0
4 14395.0 315.0 80.0 135.0 77 0 0
4 14400.0 315.0 70.0 135.0 255 255 255
4 14460.0 390.0 5.0 5.0 77 0 0
2 14695.0 305.0 80.0 11.0 77 0 0
4 14695.0 315.0 80.0 135.0 77 0 0
4 14700.0 315.0 70.0 135.0 255 255 255
4 14760.0 390.0 5.0 5.0 77 0 0
2 14895.0 305.0 80.0 11.0 77 0 0
4 14895.0 315.0 80.0 135.0 77 0 0
4 14900.0 315.0 70.0 135.0 255 255 255
4 14960.0 390.0 5.0 5.0 77 0 0
2 15195.0 305.0 80.0 11.0 77 0 0
4 15195.0 315.0 80.0 135.0 77 0 0
4 15200.0 315.0 70.0 135.0 255 255 255
4 15260.0 390.0 5.0 5.0 77 0 0
2 15395.0 305.0 80.0 11.0 77 0 0
4 15395.0 315.0 80.0 135.0 77 0 0
4 15400.0 315.0 70.0 135.0 255 255 255
4 15460.0 390.0 5.0 5.0 77 0 0
2 15695.0 305.0 80.0 11.0 77 0 0
4 15695.0 315.0 80.0 135.0 77 0 0
4 15700.0 315.0 70.0 135.0 255 255 255
4 15760.0 390.0 5.0 5.0 77 0 0
2 15895.0 305.0 80.0 11.0 77 0 0
4 15895.0 315.0 80.0 135.0 77 0 0
4 15900.0 315.0 70.0 135.0 255 255 255
4 15960.0 390.0 5.0 5.0 0 0 0
4 14060.0 50.0 50.0 400.0 0 0 77
4 14055.0 50.0 60.0 10.0 204 204 179
4 14055.0 440.0 60.0 10.0 204 204 179
4 14560.0 50.0 50.0 400.0 0 0 77
4 14555.0 50.0 60.0 10.0 204 204 179
4 14555.0 440.0 60.0 10.0 204 204 179
4 15060.0 50.0 50.0 400.0 0 0 77
4 15055.0 50.0 60.0 10.0 204 204 179
4 15055.0 440.0 60.0 10.0 204 204 179
4 15560.0 50.0 50.0 400.0 0 0 77
4 15555.0 50.0 60.0 10.0 204 204 179
4 15555.0 440.0 60.0 10.0 204 204 179
4 15060.0 50.0 50.0 400.0 0 0 77
4 15055.0 50.0 60.0 10.0 204 204 179
4 15055.0 440.0 60.0 10.0 204 204 179
4 15560.0 50.0 50.0 400.0 0 0 77
4 15555.0 50.0 60.0 10.0 204 204 179
4 15555.0 440.0 60.0 10.0 204 204 179
4 16060.0 50.0 50.0 400.0 0 0 77
4 16055.0 50.0 60.0 10.0 204 204 179
4 16055.0 440.0 60.0 10.0 204 204 179
1 14310.0 50.0 80.0 380.0 0 0 0
1 14320.0 50.0 80.0 380.0 0 0 0
1 14430.0 50.0 80.0 380.0 0 0 0
1 14440.0 50.0 80.0 380.0 0 0 0
1 14550.0 50.0 80.0 380.0 0 0 0
1 14560.0 50.0 80.0 380.0 0 0 0
1 14670.0 50.0 80.0 380.0 0 0 0
1 14680.0 50.0 80.0 380.0 0 0 0
1 14790.0 50.0 80.0 380.0 0 0 0
1 14700.0 50.0 80.0 380.0 0 0 0
1 14810.0 50.0 80.0 380.0 0 0 0
1 14820.0 50.0 80.0 380.0 0 0 0
1 14930.0 50.0 80.0 380.0 0 0 0
1 14940.0 50.0 80.0 380.0 0 0 0
1 15050.0 50.0 80.0 380.0 0 0 0
1 15060.0 50.0 80.0 380.0 0 0 0
1 15170.0 50.0 80.0 380.0 0 0 0
1 15180.0 50.0 80.0 380.0 0 0 0
1 15290.0 50.0 80.0 380.0 0 0 0
1 15200.0 50.0 80.0 380.0 0 0 0
1 15310.0 50.0 80.0 380.0 0 0 0
1 15420.0 50.0 80.0 380.0 0 0 0
1 15430.0 50.0 80.0 380.0 0 0 0
1 15540.0 50.0 80.0 380.0 0 0 0
1 15550.0 50.0 80.0 380.0 0 0 0
0 12900.0 400.0 30.0 50.0 204 204 179
4 13005.0 380.0 110.0 30.0 0 0 51
4 13000.0 410.0 120.0 30.0 0 0 51
4 13010.0 380.0 10.0 70.0 0 0 51
4 13100.0 380.0 10.0 70.0 0 0 51
4 13205.0 380.0 110.0 30.0 0 0 51
4 13200.0 410.0 120.0 30.0 0 0 51
4 13210.0 380.0 10.0 70.0 0 0 51
4 13300.0 380.0 10.0 70.0 0 0 51
4 13405.0 380.0 110.0 30.0 0 0 51
4 13400.0 410.0 120.0 30.0 0 0 51
4 13410.0 380.0 10.0 70.0 0 0 51
4 13500.0 380.0 10.0 70.0 0 0 51
4 13605.0 380.0 110.0 30.0 0 0 51
4 13600.0 410.0 120.0 30.0 0 0 51
4 13610.0 380.0 10.0 70.0 0 0 51
4 13700.0 380.0 10.0 70.0 0 0 51
0 13800.0 400.0 30.0 50.0 204 204 179
4 13200.0 50.0 10.0 100.0 0 0 26
4 13500.0 50.0 10.0 100.0 0 0 26
0 13150.0 150.0 400.0 20.0 255 255 204
4 12470.0 275.0 260.0 135.0 255 255 255
4 12475.0 280.0 250.0 125.0 204 255 255
4 11600.0 300.0 200.0 150.0 0 26 51
0 12500.0 380.0 200.0 40.0 51 0 0
4 12500.0 430.0 200.0 10.0 51 0 0
4 12520.0 380.0 10.0 70.0 51 0 0
4 12670.0 380.0 10.0 70.0 51 0 0
0 11300.0 380.0 200.0 40.0 51 0 0
4 11300.0 430.0 200.0 10.0 51 0 0
4 11320.0 380.0 10.0 70.0 51 0 0
4 11470.0 380.0 10.0 70.0 51 0 0
4 11600.0 300.0 200.0 150.0 0 26 51
4 12200.0 300.0 200.0 150.0 0 26 51
2 12275.0 270.0 50.0 20.0 0 0 0
2 11675.0 270.0 50.0 20.0 0 0 0
2 11975 270.0 50.0 20.0 0 0 0
3 12000.0 300.0 45.0 80.0 0 0 0
3 12050.0 300.0 45.0 80.0 0 0 0
3 11950.0 300.0 45.0 80.0 0 0 0
3 12025.0 300.0 45.0 80.0 0 0 0
3 11975.0 300.0 45.0 80.0 0 0 0
4 12780.0 50.0 50.0 400.0 0 0 77
4 12775.0 50.0 60.0 10.0 204 204 179
4 12775.0 440.0 60.0 10.0 204 204 179
4 11180.0 50.0 50.0 400.0 0 0 77
4 11175.0 50.0 60.0 10.0 204 204 179
4 11175.0 440.0 60.0 10.0 204 204 179
0 11030.0 340.0 60.0 110.0 255 0 0
0 11040.0 350.0 40.0 80.0 153 235 235
0 10950.0 350.0 60.0 100.0 255 0 0
0 10960.0 360.0 40.0 70.0 153 235 235
4 9595.0 309.0 80.0 6.0 77 0 0
4 9595.0 315.0 80.0 135.0 77 0 0
4 9600.0 315.0 70.0 135.0 255 255 255
4 9660.0 390.0 5.0 5.0 77 0 0
4 9795.0 309.0 80.0 6.0 77 0 0
4 9795.0 315.0 80.0 135.0 77 0 0
4 9800.0 315.0 70.0 135.0 255 255 255
4 9860.0 390.0 5.0 5.0 77 0 0
4 9730.0 420.0 25.0 30.0 77 0 0
4 9720.0 320.0 45.0 100.0 0 102 0
4 11270.0 275.0 260.0 135.0 255 255 255
4 11275.0 280.0 250.0 125.0 204 255 255
4 10795.0 309.0 80.0 6.0 77 0 0
4 10795.0 315.0 80.0 135.0 77 0 0
4 10800.0 315.0 70.0 135.0 255 255 255
4 10860.0 390.0 5.0 5.0 77 0 0
4 10595.0 309.0 80.0 6.0 77 0 0
4 10595.0 315.0 80.0 135.0 77 0 0
4 10600.0 315.0 70.0 135.0 255 255 255
4 10660.0 390.0 5.0 5.0 77 0 0
4 10395.0 309.0 80.0 6.0 77 0 0
4 10395.0 315.0 80.0 135.0 77 0 0
4 10400.0 315.0 70.0 135.0 255 255 255
4 10460.0 390.0 5.0 5.0 77 0 0
3 10300.0 300.0 45.0 80.0 0 0 0
3 10400.0 300.0 45.0 80.0 0 0 0
0 19500.0 450.0 300.0 150.0 82 82 122
0 19500.0 0.0 10000.0 50.0 82 82 122
0 29000.0 0.0 500.0 600.0 82 82 122
4 19500.0 50.0 10000.0 400.0 245 255 255
4 19870.0 275.0 260.0 135.0 255 255 255
4 19875.0 280.0 250.0 125.0 204 255 255
2 19875.0 400.0 250.0 20.0 0 0 0
4 20420.0 275.0 260.0 135.0 255 255 255
4 20425.0 280.0 250.0 125.0 204 255 255
2 20425.0 400.0 260.0 20.0 0 0 0
0 20250.0 200.0 50.0 400.0 82 82 122
2 20200.0 340.0 50.0 20.0 0 0 0
2 20060.0 240.0 50.0 20.0 0 0 0
2 20795.0 309.0 80.0 6.0 77 0 0
4 20795.0 315.0 80.0 135.0 77 0 0
4 20800.0 315.0 70.0 135.0 255 255 255
4 20860.0 390.0 5.0 5.0 77 0 0
4 20795.0 440.0 80.0 10.0 77 0 0
4 20995.0 310.0 80.0 5.0 77 0 0
4 20995.0 315.0 80.0 135.0 77 0 0
4 21000.0 315.0 70.0 135.0 255 255 255
4 21060.0 390.0 5.0 5.0 77 0 0
4 20995.0 440.0 80.0 10.0 77 0 0
2 20930.0 440.0 40.0 20.0 0 0 0
2 21100.0 440.0 40.0 20.0 0 0 0
2 21200.0 440.0 40.0 20.0 0 0 0
2 21300.0 440.0 40.0 20.0 0 0 0
2 21450.0 440.0 40.0 20.0 0 0 0
2 21600.0 440.0 40.0 20.0 0 0 0
2 21770.0 440.0 40.0 20.0 0 0 0
2 21930.0 440.0 40.0 20.0 0 0 0
4 21195.0 275.0 260.0 135.0 255 255 255
4 21200.0 280.0 250.0 125.0 204 255 255
4 21495.0 275.0 260.0 135.0 255 255 255
4 21500.0 280.0 250.0 125.0 204 255 255
4 21795.0 275.0 260.0 135.0 255 255 255
4 21800.0 280.0 250.0 125.0 204 255 255
4 21400.0 50.0 10.0 100.0 128 128 128
4 21800.0 50.0 10.0 100.0 128 128 128
4 21300.0 150.0 600.0 20.0 26 26 26
0 22200.0 450.0 450.0 250.0 82 82 122
4 22240.0 310.0 90.0 145.0 77 0 0
4 22250.0 315.0 70.0 135.0 255 255 255
4 22310.0 390.0 5.0 5.0 77 0 0
4 22390.0 310.0 90.0 145.0 77 0 0
4 22400.0 315.0 70.0 135.0 255 255 255
4 22460.0 390.0 5.0 5.0 77 0 0
4 22540.0 310.0 90.0 145.0 77 0 0
4 22550.0 315.0 70.0 135.0 255 255 255
4 22610.0 390.0 5.0 5.0 77 0 0
4 22250.0 50.0 10.0 100.0 128 128 128
4 22650.0 50.0 10.0 100.0 128 128 128
4 22150.0 150.0 600.0 20.0 26 26 26
0 22830.0 450.0 2000.0 150.0 82 82 122
4 23100.0 50.0 10.0 100.0 128 128 128
4 23500.0 50.0 10.0 100.0 128 128 128
4 23000.0 150.0 600.0 20.0 26 26 26
4 24100.0 50.0 10.0 100.0 128 128 128
4 24500.0 50.0 10.0 100.0 128 128 128
4 24000.0 150.0 600.0 20.0 26 26 26
3 23990.0 370.0 45.0 80.0 0 0 0
3 24000.0 370.0 40.0 70.0 0 0 0
3 24010.0 370.0 44.0 75.0 0 0 0
4 23040.0 310.0 90.0 140.0 77 0 0
4 23050.0 315.0 70.0 135.0 255 255 255
4 23110.0 390.0 5.0 5.0 77 0 0
4 23040.0 310.0 90.0 140.0 77 0 0
4 23050.0 315.0 70.0 135.0 255 255 255
4 23110.0 390.0 5.0 5.0 77 0 0
4 23340.0 310.0 90.0 140.0 77 0 0
4 23350.0 315.0 70.0 135.0 255 255 255
4 23410.0 390.0 5.0 5.0 77 0 0
4 23640.0 310.0 90.0 140.0 77 0 0
4 23650.0 315.0 70.0 135.0 255 255 255
4 23710.0 390.0 5.0 5.0 77 0 0
4 23940.0 310.0 90.0 140.0 77 0 0
4 23950.0 315.0 70.0 135.0 255 255 255
4 24010.0 390.0 5.0 5.0 77 0 0
4 24240.0 310.0 90.0 140.0 77 0 0
4 24250.0 315.0 70.0 135.0 255 255 255
4 24310.0 390.0 5.0 5.0 77 0 0
4 24540.0 310.0 90.0 140.0 77 0 0
4 24550.0 315.0 70.0 135.0 255 255 255
4 24610.0 390.0 5.0 5.0 77 0 0
1 23050.0 50.0 80.0 380.0 0 0 0
1 23150.0 50.0 80.0 380.0 0 0 0
1 23250.0 50.0 80.0 380.0 0 0 0
1 23350.0 50.0 80.0 380.0 0 0 0
1 23450.0 50.0 80.0 380.0 0 0 0
1 23550.0 50.0 80.0 380.0 0 0 0
1 23650.0 50.0 80.0 380.0 0 0 0
1 23750.0 50.0 80.0 380.0 0 0 0
1 23850.0 50.0 80.0 380.0 0 0 0
1 23950.0 50.0 80.0 380.0 0 0 0
1 24050.0 50.0 80.0 380.0 0 0 0
1 24150.0 50.0 80.0 380.0 0 0 0
1 24250.0 50.0 80.0 380.0 0 0 0
1 24350.0 50.0 80.0 380.0 0 0 0
1 24450.0 50.0 80.0 380.0 0 0 0
1 24550.0 50.0 80.0 380.0 0 0 0
1 24650.0 50.0 80.0 380.0 0 0 0
2 25000.0 360.0 40.0 20.0 0 0 0
2 25170.0 410.0 40.0 20.0 0 0 0
2 25240.0 350.0 40.0 20.0 0 0 0
2 25340.0 290.0 40.0 20.0 0 0 0
2 25440.0 290.0 40.0 20.0 0 0 0
2 25540.0 240.0 50.0 20.0 0 0 0
0 25800.0 450.0 1100.0 150.0 82 82 122
1 25900.0 50.0 80.0 380.0 0 0 0
1 25950.0 50.0 80.0 380.0 0 0 0
1 26000.0 50.0 80.0 380.0 0 0 0
1 26050.0 50.0 80.0 380.0 0 0 0
1 26100.0 50.0 80.0 380.0 0 0 0
1 26150.0 50.0 80.0 380.0 0 0 0
1 26200.0 50.0 80.0 380.0 0 0 0
1 26250.0 50.0 80.0 380.0 0 0 0
1 26300.0 50.0 80.0 380.0 0 0 0
1 26350.0 50.0 80.0 380.0 0 0 0
1 26400.0 50.0 80.0 380.0 0 0 0
1 26450.0 50.0 80.0 380.0 0 0 0
1 26500.0 50.0 80.0 380.0 0 0 0
1 26550.0 50.0 80.0 380.0 0 0 0
1 26600.0 50.0 80.0 380.0 0 0 0
1 26650.0 50.0 80.0 380.0 0 0 0
1 26700.0 50.0 80.0 380.0 0 0 0
1 26750.0 50.0 80.0 380.0 0 0 0
1 26800.0 50.0 80.0 380.0 0 0 0
1 26850.0 50.0 80.0 380.0 0 0 0
0 27100.0 450.0 100.0 150.0 82 82 122
0 27300.0 450.0 100.0 150.0 82 82 122
0 27500.0 450.0 100.0 150.0 82 82 122
0 27700.0 450.0 100.0 150.0 82 82 122
0 27900.0 450.0 1100.0 150.0 82 82 122
0 27900.0 449.0 1100.0 40.0 255 26 26
4 25895.0 275.0 260.0 135.0 255 255 255
4 25900.0 280.0 250.0 125.0 204 255 255
4 26295.0 275.0 260.0 135.0 255 255 255
4 26300.0 280.0 250.0 125.0 204 255 255
4 26695.0 275.0 260.0 135.0 255 255 255
4 26700.0 280.0 250.0 125.0 204 255 255
4 27200.0 50.0 10.0 100.0 128 128 128
4 27600.0 50.0 10.0 100.0 128 128 128
4 27100.0 150.0 600.0 20.0 26 26 26
4 27995.0 275.0 260.0 135.0 255 255 255
4 28000.0 280.0 250.0 125.0 204 255 255
4 28395.0 275.0 260.0 135.0 255 255 255
4 28400.0 280.0 250.0 125.0 204 255 255
4 28795.0 305.0 80.0 145.0 77 0 0
4 28800.0 315.0 70.0 135.0 255 255 255
4 28860.0 390.0 5.0 5.0 77 0 0
4 28795.0 440.0 80.0 10.0 77 0 0
4 28825.0 110.0 20.0 140.0 255 0 0
4 28805.0 210.0 60.0 20.0 255 0 0
4 28785.0 190.0 100.0 20.0 255 0 0